1085481193 2610
1085680686 3094
1086101744 2948
1086172068 2951
1086179994 2951
1086180034 2952
1086187969 2951
1086364072 3002
1086616372 3028
1086629363 3743
1086629532 3743
1086692525 3746
1086694987 3750
1086695034 3764
1086695112 3760
1086695156 3760
1086695899 3759
1086696135 3813
1086703545 3828
1086703706 3945
1086709381 3946
1086710519 3953
1086773588 3953
1086962129 3960
1087215268 3942
1087215346 3943
1087215402 3943
1087215938 3934
1087216246 4013
1087216302 4020
1087216454 4043
1087218404 4043
1087221452 4075
1087231464 4080
1087231563 4537
1087231608 4540
1087232156 4620
1087234716 4620
1087235176 4601
1087235278 4612
1087235385 4615
1087240361 4628
1087240414 4628
1087240563 4638
1087240763 4665
1087240822 4665
1087241083 4662
1087341446 4680
1087388789 4685
1087399963 4685
1087401205 4700
1087405922 4700
1087428288 4700
1087430524 4701
1087430979 4706
1087460772 4706
1087469269 4706
1087479792 4706
1087483011 4706
1087628335 4712
1087809296 4713
1089104946 4713
1089128544 4713
1089128783 4718
1089145591 4726
1089283953 4922
1089288978 4926
1089297684 4928
1089298030 4928
1089298124 4928
1089368598 4929
1089369364 4934
1089369705 4943
1089370009 4936
1089370759 4966
1089714315 4966
1089727707 4976
1089730884 4981
1089732853 5031
1089736158 5044
1089806247 5045
1089806369 5045
1089807017 5052
1089807277 5056
1089824654 5056
1089896159 5056
1089897094 5056
1089897253 5062
1089901715 5064
1089906090 5072
1089914126 5089
1090010372 5104
1090010412 5104
1090012250 5114
1090406428 5114
1090941601 5115
1091089412 5090
1091452442 5113
1091452559 5113
1091452604 5106
1091453093 5108
1091453309 5108
1091470400 5108
1091470760 5108
1091549394 5113
1091549756 5092
1091550132 5093
1091556012 5091
1091625633 5088
1091798056 5089
1091798652 5105
1091799044 5116
1091874753 5118
1092067739 5135
1092152489 5135
1092232100 5135
1092232526 5142
1092238443 5144
1092474394 5144
1093614115 5158
1093960354 5158
1095851420 5274
1095851535 5278
1095927199 5279
1096287388 5280
1096299763 5280
1096302405 5281
1096563688 5281
1096564365 5296
1096905458 5300
1096987418 5310
1096992280 5310
1097079710 5307
1097079826 5448
1097218466 5458
1097601174 5457
1097838311 4838
1098093208 4919
1098197579 4999
1098199476 5014
1098284643 5018
1098286289 5041
1098286324 5040
1098286688 5027
1098885397 5035
1099568163 5088
1099661255 5094
1100022064 5111
1100022500 5110
1100022946 5165
1100023005 5177
1100023153 5144
1100023448 5144
1100023595 5144
1100024908 5144
1100064871 5145
1100577955 5212
1100617868 5211
1100713173 5211
1100716193 5212
1100716292 5215
1100778403 5215
1100798318 5214
1100869329 5214
1100883673 5214
1100884370 5220
1100884469 5224
1100944199 5280
1100946066 5290
1100947248 5309
1101126417 5332
1101305376 5342
1101305437 5354
1101305555 5367
1101305723 5369
1101401738 5382
1101403382 5394
1101419800 5403
1101833811 5437
1102596669 5439
1102596854 5494
1102597157 5499
1102696190 5498
1102939061 5499
1103022086 5499
1103030168 5499
1105011288 5498
1105104743 5617
1105215598 5617
1105215848 5619
1105452746 5619
1105452810 5620
1105452917 5620
1105453051 5620
1105453274 5620
1105453325 5638
1105545985 5638
1105622366 5663
1105624559 5693
1105624677 5708
1105624771 5710
1105624901 5711
1106054556 5710
1106064800 5785
1106064858 5785
1106065189 5838
1106066699 5840
1106142148 5845
1106921449 5845
1107267679 5845
1107350532 5846
1107520902 5900
1107521890 5900
1107522220 5910
1107522770 5910
1107541740 5910
1107541878 5945
1107792560 5955
1107869367 5963
1107941879 5965
1108046747 5983
1108046804 5984
1108047193 5985
1108382029 5989
1108519360 5989
1108519736 5991
1108526172 5991
1108526286 6015
1108526473 6014
1108526604 6018
1108561052 6018
1108591637 6021
1108602127 6023
1108602747 6038
1108998420 6153
1109096241 6156
1109119914 6156
1109165864 6158
1109167809 6159
1109173697 6174
1109173796 6174
1109173891 6174
1109174865 6174
1109175014 6163
1109773632 6188
1109773804 6188
1109780387 6194
1109841482 6196
1109847249 6204
1109847558 6205
1109849538 6205
1109849760 6212
1109851753 6401
1109864195 6408
1109870754 6409
1109935660 6415
1109944726 6414
1109956228 6414
1109956595 6423
1109957352 6435
1109958030 6438
1110279868 6438
1110281327 6916
1110556831 6918
1110573693 6923
1111486108 6963
1113822474 6971
1117115384 6975
1118660885 7015
1118661108 6992
1118661282 6997
1118661368 7012
1118661479 7011
1123603110 7017
1123603174 7017
1123603296 7055
1123603489 7061
1123603622 6694
1123760123 6695
1124121787 6735
1124122786 6739
1124184574 6772
1124362189 6772
1126663868 6773
1126663913 6773
1127414106 6767
1127739155 6849
1128163387 6850
1128165111 6936
1128183605 6935
1128183993 6960
1128184226 6981
1128184475 7005
1129196923 7015
1129306541 7015
1129306742 7015
1129306953 7032
1130246681 7035
1130942507 7038
1131117620 7038
1131118648 7038
1131382464 7040
1132062154 7041
1132671683 7046
1134646575 7068
1138981431 7073
1138981546 7084
1141064621 7159
1141660019 7160
1142335051 7160
1142420980 7160
1142441440 7172
1142596816 7145
1142597130 7150
1142599970 7157
1143027646 7157
1146840634 7161
1149776943 7166
1150103067 7169
1157365119 7197
1157365294 7209
1159546497 7212
1160657086 7210
1160657324 7213
1163679763 7213
1170344323 7278
1173262162 7278
1179840240 7308
1195213329 7572
1197649157 7572
1205331185 7566
1208549210 7566
1211992721 7966
1211993578 7966
1215768828 7966
1215769645 7966
1218727584 7966
1222085307 7966
1225276567 7966
1225276852 8056
1225277926 8085
1225279215 8096
1225279221 8096
1225377948 8096
1228841841 8099
1228841913 8100
1232027150 8100
1234455581 8101
1234737116 8101
1236957503 8130
1238749942 8126
1238750062 8140
1238750159 8175
1238750184 8186
1238750262 8208
1238750312 8212
1238750477 8212
1238751060 8253
1240838670 8555
1241798249 8565
1242221399 8580
1243384487 8610
1247496772 8612
1247497652 8835
1247498511 8703
1248098939 8746
1249293838 8798
1250003929 8804
1253546250 8878
1253704884 8884
1253704945 8877
1253789851 8879
1253790099 8914
1253806991 8914
1254216016 8914
1255443347 8903
1255687758 8910
1257156066 8910
1258537358 8910
1258537429 8910
1258627170 8910
1259338068 8898
1259599098 9121
1259773616 9117
1259785678 9439
1259834777 9439
1259839000 9446
1259840831 9442
1259852091 9569
1259852595 9584
1259852690 9584
1259857263 9604
1259857886 9608
1259860049 9615
1259860108 9638
1259860189 9580
1259941432 9735
1259942406 9744
1259942717 9747
1260292275 9747
1260533979 9749
1260541398 9403
1263229714 9543
1263679685 9554
1264156119 9556
1264192913 9591
1264439718 9676
1264515669 9713
1265281442 9764
1266254061 9732
1266313678 9736
1266334399 9843
1266419435 9841
1266419461 9903
1266512903 9926
1266533587 9926
1266594995 9926
1266598527 9926
1266924718 9922
1266944968 9946
1267112116 10285
1267177509 10289
1267190494 10289
1267190563 10291
1267190804 10295
1267190839 10380
1267204224 10393
1267265279 10394
1267722859 10399
1268081703 10414
1268084628 10415
1268184810 10418
1269013899 10418
1269014883 10418
1269261971 10445
1269352553 10445
1269352583 10445
1269354668 10445
1269356807 10461
1269363206 10461
1269440222 10461
1269608231 10490
1269611931 10485
1269945889 10485
1272281007 10485
1272294590 10487
1272294718 10502
1272294759 10513
1272316977 10522
1272319523 10595
1272377615 10595
1272377665 10600
1272378848 10584
1272459591 10590
1272460321 10597
1272618426 10612
1272633558 10882
1272633590 11075
1272634475 11071
1272634544 11143
1272637781 11145
1272638419 11149
1272639142 11149
1272642349 11154
1272644003 11154
1272916271 11156
1272979854 11162
1272987644 11168
1272987681 11171
1273052702 11167
1273071038 11180
1273073093 11381
1273142284 11390
1273142344 11386
1273142921 11386
1273153157 11467
1273162072 11774
1273239092 11621
1273240869 11620
1273240890 11641
1273241257 11639
1273241446 11636
1273246626 11638
1273271410 11639
1273491038 11739
1273491267 11728
1273540489 12095
1273586665 12158
1273592621 12204
1273659974 12302
1273660993 12302
1273670060 12302
1273686840 12321
1273769839 12324
1273769852 12326
1273837727 12377
1273867239 12000
1274110326 11807
1274194086 11807
1274365206 11812
1274872368 11815
1275560961 11815
1275576848 11824
1275579930 11840
1276184081 11841
1276198761 11845
1276456117 11884
1276460695 11884
1276556806 11894
1276639895 11894
1276682500 11870
1276701899 11868
1276772560 11871
1276864702 11874
1276871287 11877
1276871329 11879
1277287626 11880
1277287691 11880
1277459857 11880
1277734652 11876
1277800897 11883
1277801141 11865
1277805290 11871
1277910069 11871
1278072368 11883
1278073446 11914
1278084493 11913
1278936071 11806
1278936424 11811
1278936526 11829
1278942777 11836
1279021025 11844
1279099343 11844
1279117933 11844
1279120441 11865
1279123081 11868
1279129593 11870
1279130134 11870
1279256701 11874
1279256923 11910
1281003130 11918
1281345083 11918
1281435563 12025
1281536436 12160
1281623452 12160
1281639371 12160
1281692358 12178
1281697086 12219
1281705385 12222
1281707351 12245
1282310582 12385
1282320296 12385
1282321561 12387
1282561066 12400
1282572982 12422
1282666014 12422
1282666092 12424
1283268522 12408
1283375821 12426
1283376556 12426
1283377261 12426
1283377714 12429
1283389974 12431
1283442776 12390
1283442930 12391
1283520929 12409
1283523175 12405
1283524118 12414
1283527297 12415
1283550877 12410
1283559400 12376
1283866464 12376
1283867513 12377
1283968177 12377
1283968257 12377
1283968728 12379
1284040592 12383
1284044746 12454
1284058976 12479
1284111682 12477
1284159718 12477
1284240571 12478
1284371214 12478
1284420328 12246
1284421461 12246
1284461949 12250
1284632938 12248
1284633542 12248
1284634059 12249
1284977622 12280
1284981151 12298
1284983494 12301
1284995026 12301
1284995490 12301
1285081454 12308
1285085320 12306
1285167930 12360
1285247706 12456
1285490526 12456
1285676317 12458
1285861990 12478
1285943150 12477
1285943356 12477
1286208536 12485
1286576454 12695
1287427497 12696
1287493974 12701
1287517665 12702
1287759606 12744
1288105981 12745
1290781260 12750
1292278658 12750
1292325078 12786
1292934822 12794
1293121313 12792
1293132387 12792
1293145014 12790
1293567189 12790
1293758663 12765
1294141845 12765
1294142312 12765
1294188335 12624
1294222418 12624
1294223000 12624
1294223824 12619
1294322844 12676
1294679354 12686
1294745572 12721
1294863058 12727
1295000666 12733
1295002963 12740
1295048258 12740
1295436658 12738
1295437142 12752
1295437173 12752
1295454105 12758
1295456871 12759
1295541181 12764
1295552892 12766
1295621422 12768
1295629059 12767
1295629248 12768
1296131568 12782
1296571220 12782
1296572012 12783
1299064707 12787
1299070610 12792
1299676515 12792
1299679574 12808
1299749136 13508
1299749187 13510
1299757942 13510
1299925582 13510
1300277343 13520
1300281250 13519
1300287267 13539
1300359991 13593
1300467767 13602
1300874849 13603
1301005170 13642
1301174093 13649
1301390959 13646
1301391248 13646
1301396006 13646
1301476575 13647
1302538686 13647
1302685909 13673
1302691430 13662
1302789573 13467
1302789807 13469
1302790186 13469
1303119657 13532
1303142168 13532
1303216682 13532
1303220983 13543
1304434264 13545
1304610985 13486
1304955247 13989
1304966356 13986
1304966468 13986
1304966697 13986
1305041414 13986
1305147264 13985
1305147360 13995
1305148619 13995
1305151897 13995
1305156709 13995
1305192616 14000
1305215211 13995
1305215227 13995
1305562175 13993
1305798827 13994
1305798885 13992
1305802189 13996
1305888932 13996
1305893926 13996
1305895039 13989
1305904468 13969
1305957351 13971
1306154704 13755
1306154746 13986
1306184236 13986
1306227560 13986
1306341040 13986
1306417385 14092
1306417653 14014
1306417669 14116
1306526359 14120
1306526873 14175
1306589088 14196
1306830426 14196
1307008845 14204
1307129224 14204
1307439643 14204
1308059793 14204
1308059912 14209
1308136332 14283
1308152713 14283
1308154386 14319
1308232270 14318
1309346845 14327
1309446690 14326
1309526555 14334
1309634889 14324
1309786639 14324
1309786885 14324
1309865884 14324
1309865985 14351
1309866883 14351
1309876957 14357
1309951176 14358
1309951218 14356
1309951266 14362
1309951523 14366
1310121403 14526
1310138337 14528
1310469922 14532
1310543323 14535
1310543389 14534
1310543830 14538
1310574254 14545
1310644063 14607
1310644375 14607
1310653575 14656
1310655496 14673
1310724893 14678
1310726677 14669
1310736067 14672
1310736197 14670
1310738352 14673
1310739222 14681
1310744546 14680
1311187209 14686
1311677117 14686
1311698119 14690
1313402284 14692
1313677400 14692
1313677723 14706
1314301067 14674
1314889939 14629
1315237841 14629
1315239514 14628
1315558627 14628
1316549727 14629
1316775222 14725
1318670456 14725
1320408335 14726
1320935412 14685
1321541780 14723
1321893641 14740
1321893888 14730
1321973245 14729
1322049434 14826
1322051029 14599
1322063560 14601
1322067940 14608
1322138245 14608
1322165101 14608
1322165536 14611
1322216522 14616
1322474237 14620
1322474274 14620
1322571560 14603
1322588945 14631
1323346105 14646
1323349651 14645
1327077223 14645
1328007538 14648
1328884997 14955
1329215791 14962
1329237635 15062
1329238617 15065
1329304478 15131
1329305209 15131
1329410352 15149
1329753869 15175
1330005159 15180
1330099187 15182
1330597740 15278
1330597882 15269
1331131297 15493
1331134036 15498
1332177356 15538
1332241590 15539
1332769533 15539
1332770382 15539
1332847331 15539
1334579364 15633
1335218645 15793
1335866320 15762
1335884102 15757
1335886228 15733
1335886624 15728
1335888273 15702
1335957058 15704
1335970392 15731
1335970492 15741
1335970744 15678
1336495685 15709
1336495757 15722
1336495852 15744
1336561304 15754
1336663670 15714
1336750792 15814
1336750829 15793
1336808870 15798
1337247200 15798
1337346057 15798
1337350328 15826
1337636872 15854
1337683842 15853
1337688088 15852
1337705671 15848
1337705887 15840
1337767893 15845
1337767965 15840
1337771236 15843
1337782473 15843
1337783234 15861
1338210646 15866
1338218334 15870
1338218405 16060
1338375488 16174
1338375648 16020
1338376601 16040
1338377158 16023
1338384639 16028
1338385086 16028
1338385691 16029
1338452874 16030
1338453178 15985
1338461492 15985
1338476984 16006
1338480585 16013
1338561290 16138
1338561652 16158
1338562849 16157
1339013263 16152
1339149826 16152
1339152062 16290
1339162732 16330
1339163422 16338
1339166782 16347
1339170868 16348
1339183708 16349
1339320642 16350
1339412485 16347
1339604003 16361
1339775013 16362
1340118727 16361
1340361898 16361
1340362266 16377
1340365907 16383
1340636421 16388
1340704871 16377
1340706171 16375
1340711939 16376
1340722815 16574
1340724497 16574
1340726569 16574
1340740407 16573
1340810220 16578
1340959291 16583
1340976046 16584
1341313577 16526
1342457649 16526
1343042030 16565
1343058568 16572
1343143054 16632
1343144932 16636
1343230234 16651
1343747607 16730
1343747710 16678
1343750504 16696
1343827433 16696
1343903594 16811
1343986607 16811
1344007367 16783
1344007908 16739
1344941850 16739
1345115534 16739
1345115763 16746
1345215162 16747
1345715152 16749
1345719704 16749
1345815529 16749
1345819464 16749
1345819792 16688
1345888701 16688
1345925351 16690
1346073043 16698
1346144734 16700
1346145438 16700
1346230296 16700
1346671250 16714
1346671282 16718
1346671434 16720
1346671601 16721
1346749743 16721
1346774520 16846
1346774842 16758
1346837613 16755
1346853658 16736
1346854061 16736
1347010193 16743
1347013208 16743
1348137894 16745
1348138280 16747
1348152989 16747
1348216474 16747
1348235165 16724
1348262201 16733
1348572746 16716
1348585464 16734
1348586450 16734
1348655271 16725
1348659060 16754
1348668192 16616
1348739421 16616
1348743782 16226
1348756149 16220
1348760892 16243
1348826500 16243
1349092411 16247
1349103490 16248
1349174910 16284
1349176634 16284
1349179233 16288
1349186205 16288
1349191133 16279
1349192879 16279
1349257860 16278
1349258953 16271
1349269864 16285
1349272518 16247
1349361559 16246
1349361900 16246
1349365642 16257
1349428193 16250
1349442886 16263
1349450068 16263
1349694801 16261
1349695068 16237
1349708803 16238
1349774565 16246
1349774705 16248
1349776094 16249
1349876087 16251
1349876183 16252
1349876751 16249
1349955421 16260
1350058516 16304
1350073446 16304
1350122522 16309
1350127901 16309
1350294156 16309
1350294247 16309
1350313496 16312
1350313567 16313
1350379573 16314
1350380569 16316
1350387421 16317
1350474918 16314
1350657604 16319
1350657820 16332
1350657913 16332
1351007834 16885
1351008940 16885
1351070154 16884
1351689554 16887
1351689766 16887
1351771200 16887
1351780422 16889
1351782968 16889
1351783896 16889
1351785595 16889
1351850349 16902
1351850619 16886
1351866193 16929
1351869297 16919
1352204625 16934
1352206354 16935
1352206526 16935
1352371851 16939
1352462728 16949
1352469564 16952
1352729740 16952
1352730175 16965
1352804761 17001
1352812046 17001
1352819969 17020
1352975821 16966
1352981291 16961
1353062881 16961
1353066771 16986
1353067861 16994
1353076188 16994
1353078199 16995
1353239946 17025
1353363386 17009
1353425744 17108
1353430643 17086
1353500591 17112
1353593241 17124
1353603396 17188
1353604882 17116
1353619597 17215
1353669372 17112
1353680813 17218
1354015251 17252
1354015860 17253
1354105297 17212
1354109028 17147
1354138244 17157
1354138845 17156
1354189607 17183
1354191682 17183
1354283262 17183
1354389116 17165
1354746335 17205
1354790827 17205
1354792739 17206
1355309041 17206
1355323276 17206
1355746423 17200
1357297411 17200
1357311095 17202
1357312247 17213
1357318994 17207
1357834446 17207
1357902467 17265
1357903151 17266
1358169832 17266
1359141996 17278
1359142948 17278
1360172601 17278
1360237331 17278
1360664522 17275
1360750748 17287
1360762555 17357
1360763576 17385
1360776014 17404
1360835640 17397
1360838726 17414
1360860109 17517
1360947638 17516
1360947687 17519
1360947804 17522
1360947876 17529
1360947920 17650
1360967139 17517
1361292365 17543
1361294286 17529
1361463275 17653
1361529771 17656
1361550979 17723
1361552112 17737
1361580555 17727
1361580777 17738
1361973642 17735
1361992120 17736
1362000887 17723
1362044553 17734
1362044860 17733
1362046361 17740
1362065862 17805
1362066106 17805
1362138819 17806
1362489038 17805
1362489152 17815
1362503121 17825
1362768099 17825
1363036438 17843
1363046360 17836
1363085815 17880
1363086443 17825
1363089997 17895
1363096233 17826
1363122254 17827
1363124723 17900
1363252553 17900
1363775708 17940
1363784532 17925
1363819444 17926
1363967095 17921
1363971042 17918
1364209500 17925
1364312419 17928
1364386595 18499
1365420029 18500
1365781399 19239
1366718737 19242
1366718924 19247
1366725055 19247
1366727636 19279
1366727735 19279
1367251676 19516
1367251937 19509
1367318324 19512
1367322489 19532
1367323953 19511
1367405208 19575
1367405303 19583
1367406190 19534
1367588763 19583
1368104140 19737
1368544487 19738
1368546938 19742
1368718669 19813
1369217618 19813
1369222980 19812
1369300214 19819
1369740891 19823
1369742979 19823
1369750436 19850
1369754963 19854
1369840389 19862
1369926093 19859
1370118694 19873
1370256387 19873
1370264753 19878
1370265147 19937
1370294908 19945
1370361785 19950
1370428277 19954
1370448513 19965
1370448678 19965
1370515840 19966
1370535491 19968
1370854478 19974
1370859936 19974
1370880031 19968
1371036060 20588
1371134080 20555
1371134835 20557
1371135038 20557
1371135743 20563
1371136092 20563
1371138481 20565
1371219465 20580
1371223227 20628
1371577106 20628
1371582679 20633
1371826468 20635
1372068445 20635
1372069653 20643
1372152385 20778
1372152925 20800
1372155105 20644
1372170916 20646
1372176244 20800
1372176528 20803
1372262134 20644
1372264342 20838
1372264503 20831
1372321182 20840
1372321473 20851
1372346268 20874
1372416031 20874
1372433229 20874
1372433544 20863
1372433759 20865
1372434838 20865
1372677044 20866
1372765950 20906
1372767337 20912
1372778160 20918
1372778221 20962
1373294918 20962
1373380727 21005
1373381085 21007
1373381999 21011
1373382919 21009
1373385724 21027
1373385788 21028
1373386532 21028
1373469517 21029
1373538538 21033
1373538627 21035
1375040872 21035
1376057469 21039
1376058049 21142
1376059597 21151
1376403124 21183
1376403241 21183
1376403508 21200
1376410245 21229
1376410387 21236
1376473469 21239
1376481484 21246
1376502278 21293
1376573263 21294
1376573440 21304
1376579728 21305
1376579929 21306
1376581164 21363
1377005571 21364
1377076440 21360
1377081080 21360
1377081241 21373
1377093191 21704
1377096946 21746
1377098006 21746
1377166389 21746
1377178811 21757
1377182972 21771
1377251206 21775
1377258500 21776
1377265251 21784
1377601760 21787
1377871745 21908
1378292003 21908
1378295344 21912
1378296406 21923
1378328083 21913
1378370220 21913
1378396544 21913
1378397005 21937
1378549578 21937
1378553711 21938
1378560336 21939
1378647463 21940
1378664402 21940
1378677491 21940
1378728670 21940
1378770715 22462
1378772428 22464
1378819875 22480
1378824400 21946
1378827809 21946
1378854522 22533
1378854540 22532
1378855071 22532
1378914353 21945
1379067465 21944
1379086093 21976
1379320215 21977
1379586337 21977
1379799089 21956
1379877522 21956
1379935327 21956
1379935784 21956
1379939230 21977
1380117789 21995
1380120238 21997
1380123767 21997
1380189224 21996
1380236095 21996
1380236275 21996
1380291664 22017
1380302171 21967
1380363385 24191
1380629001 21942
1380641414 21934
1380641603 21946
1380706999 23897
1380712732 25046
1380794623 25083
1380798661 24227
1380800751 23876
1380963758 25102
1381011846 24224
1381226302 22014
1381832476 22013
1382020984 25191
1382373601 25199
1382454259 25193
1382455721 25198
1382456755 25197
1382625456 22013
1382633316 25182
1382693085 22019
1382697357 22059
1382711322 22070
1382975529 25187
1382975584 25186
1383050319 25164
1383153146 25186
1383153243 25192
1383644017 22070
1383736415 22082
1383828865 25199
1384180324 22090
1384254956 22090
1384274552 22142
1384390893 22524
1384786511 22139
1384859858 22141
1385048431 22144
1385388532 22155
1385397316 22172
1385398055 22173
1385398451 22174
1385398657 22208
1385464111 22514
1385552791 22501
1385554760 22501
1385936004 22559
1385936257 22566
1385939036 22567
1385939421 22569
1385939471 22574
1385940035 22594
1385973335 22594
1385978033 22596
1385978167 22617
1386003712 22620
1386006913 22620
1386007202 22626
1386007290 22628
1386007319 22638
1386008009 22643
1386071767 22514
1386073160 22518
1386153111 22643
1386154397 22649
1386155054 22658
1386156369 22744
1386597687 24107
1386598788 24107
1386766558 24105
1386766813 24162
1386850450 24162
1386851636 24161
1387143552 24168
1387145269 24170
1387145495 24182
1387212827 24187
1389087656 24224
1389105321 24219
1389173844 24225
1389180632 24216
1389185852 24215
1389201079 24216
1389629244 24174
1389717027 24202
1389717104 24057
1389954260 24071
1389954323 23898
1389970539 23896
1390297340 24100
1390298899 24051
1390406075 23878
1390557213 23878
1390572375 23878
1390578739 23911
1390599477 23904
1390835212 23911
1390905277 23911
1390910008 23905
1390918947 23909
1390919023 23918
1390919089 23895
1390926334 23904
1391093942 23913
1391102100 23919
1391168371 23930
1391187863 24081
1391188072 24082
1391188228 24120
1391518982 23870
1391680905 23867
1391688434 23867
1391688717 23798
1391689496 23798
1391689894 23796
1391696931 23786
1391697794 23767
1391698751 23702
1391701635 23793
1391706184 23782
1391768427 23785
1391774637 23796
1391786516 23792
1391786854 25004
1391793092 24972
1392035426 24972
1392136451 24977
1392156604 24987
1393350964 25119
1393351073 25176
1393412004 25060
1393415389 25052
1393416222 25052
1393429674 25046
1393431936 25053
1393432495 25049
1393595278 25168
1393608823 25201
1393609023 25166
1393615975 25156
1393950978 25175
1393960552 25196
1393967599 25183
1393976331 25192
1394123440 25201
1394123506 25208
1394123690 25214
1394187140 25202
1394193637 24987
1394462491 25095
1394556753 25202
1394556864 25212
1394619773 25194
1394643092 25207
1394704271 25204
1394704539 25232
1394707075 25239
1394715984 25233
1394716064 25237
1394723876 25236
1394723992 25225
1394728419 25230
1394728573 25233
1394728636 25235
1394729474 25235
1395075874 25246
1395142255 25251
1395159710 25254
1395160625 25270
1395171941 25282
1395175575 25287
1395329790 25272
1395329906 25278
1395411911 25304
1395419097 25304
1395683601 25304
1395742211 25479
1395742780 25471
1395742922 25499
1395753772 25521
1395851255 25420
1395853985 25416
1396006062 25416
1396025290 25352
1396383216 25353
1396383926 25356
1396385601 25403
1396386435 25410
1396439713 25403
1396514945 25411
1396527043 25421
1396611031 25421
1397055939 25436
1397056196 25449
1397059545 25444
1397144250 25433
1397214742 25434
1397216062 25427
1397216113 25443
1397490598 25722
1397559458 25748
1397560457 25748
1397567635 25755
1397637255 25694
1397657124 25772
1397661896 25776
1398266319 25780
1398355796 25797
1398359025 25800
1398426987 25824
1398434560 25825
1398438301 25818
1398442508 25832
1398776495 25848
1398857290 25866
1399032437 25866
1399543654 25866
1399646984 25865
1399647748 26313
1399987473 26333
1399994817 25878
1399999324 26341
1400062628 26342
1400065282 26342
1400065366 26342
1400068078 26343
1400095110 26346
1400143115 26346
1400150415 26399
1400151770 26398
1400167756 26346
1400511237 26398
1400511564 26358
1400601607 26357
1400602258 26354
1400607277 26354
1400607618 26354
1400635251 26457
1400636745 26457
1400696624 26396
1400696799 26396
1400766646 26405
1400772918 26405
1400842658 26405
1400847406 26458
1400860903 26458
1400860981 26458
1400861030 26456
1400861478 26456
1400861691 26457
1401060421 26466
1401060454 26464
1401060543 26462
1401890921 26459
1401969139 26459
1401980219 26466
1402330248 26462
1402411891 26466
1402414765 26467
1402420100 26482
1402479656 26462
1402485161 26467
1402488066 26468
1402502679 26484
1402652349 26484
1404134855 26484
1404134881 26492
1404206934 26500
1404207081 26513
1404215865 26525
1404217228 26526
1404222024 26527
1404226403 26528
1404398054 26529
1404482553 26531
1404815240 26550
1404826859 26546
1404836972 26554
1404838969 26578
1404905954 26576
1404906256 26606
1404906589 26606
1405525710 26622
1405684218 26623
1407839170 26623
1407848758 26726
1409227162 26728
1409678965 125756
1409679614 128105
1409679625 128136
1409829586 128136
1409831217 128138
1410166175 128140
1410880638 128151
1411039872 128154
1411045575 128140
1411057229 128154
1411131728 128156
1411142581 128198
1411387854 128195
1411398042 128197
1411398806 128205
1411399497 128201
1411401083 128209
1411473254 128208
1411475928 128217
1411479482 128187
1411491117 128171
1411496355 128179
1411496938 128189
1411498752 128188
1411550926 128200
1411563336 128200
1411563392 128211
1411569257 128213
1411570138 128215
1411571137 128221
1411645572 128250
1411745299 128234
1412005022 128246
1412067099 128245
1412071112 128259
1412152549 128264
1412157836 128264
1412178553 128269
1412342839 128293
1412342981 128299
1412344785 128313
1412345979 128313
1412347618 128325
1412602985 128351
1412605174 128369
1412607459 128331
1412609483 128339
1412673941 128353
1412680354 128355
1412689892 128355
1412690920 128357
1412696409 128360
1412798781 126610
1412957494 128703
1413213270 128656
1413360554 126607
1413365879 128658
1413366211 128669
1413366297 128671
1413367035 128670
1413368057 128787
1413369302 128789
1413370141 126440
1413372022 126440
1413379351 126454
1413385082 126465
1413386585 126603
1413386759 126605
1413393306 126606
1413446234 126610
1413461932 126645
1413467996 126647
1413469423 126654
1413470028 128751
1413470414 128751
1413474980 128751
1413541477 128970
1413554271 128975
1413911624 128981
1413925284 128985
1413925533 128971
1414402709 128977
1414410319 128983
1414587069 128927
1415039087 129696
1415041376 129708
1415043357 129727
1415090766 129727
1415090913 129734
1415091101 129739
1415091242 129744
1415091344 129741
1415091465 129741
1415091546 129741
1415091605 129741
1415091663 129743
1415091705 129744
1415091760 129745
1415091870 129761
1415091928 129767
1415106170 130066
1415144276 130121
1415145364 130128
1415643148 130129
1415643206 130132
1415643230 130134
1415643271 130134
1415651400 130136
1415651715 130144
1415651908 130163
1415656126 130172
1415656911 130172
1415657281 130180
1415657459 130176
1415660526 130175
1415661760 130204
1415661963 130204
1415663033 130204
1415663522 130204
1415664525 130199
1415665366 130199
1415665384 130198
1415838921 130325
1415868086 130327
1415868341 130327
1415868381 130327
1415868434 130328
1415868463 130343
1415868658 130344
1415869447 130344
1415869526 130376
1415891004 130376
1415900440 130379
1415900463 130379
1415900518 130381
1415900529 130408
1415902260 130408
1415902312 130408
1415902535 130411
1415902685 130423
1415902725 130459
1415903233 130454
1416216091 130455
1416216652 130488
1416216700 130547
1416217397 130584
1416249934 130586
1416249956 130620
1416315100 130629
1416320764 130625
1418903133 130625
1418905105 130643
1418992415 130642
1419008109 130642
1419008152 130642
1420449814 130642
1420465364 130645
1420465381 130652
1422964705 173692
1422964833 173727
1426542730 133334
1431534557 134352
1431536497 134352
1431536513 134423
1431595652 152996
1431597619 134487
1431597739 134493
1431599132 134452
1431610727 134453
1431611260 134453
1431612411 134458
1431612444 134461
1431613157 134476
1431613231 153521
1431613290 153521
1431614355 153527
1431675189 153527
1431675234 153530
1431675375 153594
1431728327 153599
1431937612 153721
1432033510 153716
1432139993 153595
1432141657 153716
1432151256 153595
1432159105 153595
1432161009 153614
1432198415 153724
1432199271 153719
1432224071 153716
1432226871 153716
1432284216 153718
1432291730 153729
1432291823 153709
1432304808 153709
1432310377 152764
1433245815 152872
1433251298 152870
1433774490 152870
1433847212 152982
1433858396 152983
1433862571 152985
1434535700 153005
1434535744 153013
1434537277 153014
1434617316 153015
1434631734 152996
1434649261 153003
1434722056 153009
1434987267 153015
1435835581 153015
1436184595 153051
1436187651 152967
1436188102 152967
1436300723 152971
1436305735 152971
1436347305 152983
1436528250 152923
1436536010 152925
1436971458 152935
1437402462 152963
1437402900 153118
1437403378 153118
1437476919 153126
1437555697 153159
1437556982 153139
1437579520 153137
1437666999 153236
1437667304 153139
1438870337 153260
1438877651 153259
1438954689 153262
1438956213 153259
1439035368 153264
1439123192 153266
1439128378 153266
1439129639 153264
1439224866 153334
1439485839 153353
1439818274 153456
1439821955 153574
1439827635 153576
1439832994 153664
1439833409 153671
1439833477 153677
1439848203 153677
1439848397 153677
1439853764 153675
1439890090 153675
1439890371 153675
1439917043 153691
1440081425 153569
1440081660 153636
1440522216 153697
1440605755 153690
1440605844 153692
1440670543 153748
1441535194 153708
1441641212 153704
1441719643 153699
1441719714 153713
1441721206 153704
1441728133 155810
1441730190 153714
1441785990 153752
1441797072 153720
1441812336 153694
1441817344 153719
1441817509 153711
1441824503 153709
1441884755 153696
1441966673 153696
1441971249 153705
1441979650 153690
1441982291 153697
1441984028 153690
1441987583 153710
1442003699 153703
1442004728 153696
1442006390 153701
1442333908 153820
1442401816 153824
1442412568 153837
1442413922 153847
1442414143 153846
1442418842 153843
1442531684 153843
1442609973 153872
1442613649 153875
1442651599 153872
1442830975 153877
1442842921 153872
1442851902 153893
1442920879 153894
1442921861 153897
1442922470 153900
1442930788 153897
1442935169 153905
1442937149 153906
1443005024 153909
1443005332 153918
1443008131 154161
1443449766 154754
1443521035 154161
1443690747 154158
1443691357 154158
1443691508 154158
1443691644 154160
1443699454 154172
1443700978 154175
1443796184 154282
1444165733 154282
1444165821 154289
1444166552 154294
1444252349 154292
1444252993 154297
1444253333 154298
1445349979 154298
1445358426 154328
1445427918 154337
1445469362 154312
1445511441 154317
1445511657 154310
1445526629 154325
1445530110 154351
1445592843 154355
1445594025 154358
1445613067 154359
1445613815 154359
1445614094 154433
1445949146 154439
1446116347 154439
1446116751 154579
1446117452 154444
1446217293 154460
1446226665 154460
1446238762 154471
1446465836 154469
1446815650 154608
1446831345 154636
1447081668 154636
1447086208 154643
1447086312 154643
1447146857 154643
1447152211 154650
1447152296 154663
1447153337 154667
1447155719 154668
1447165958 158230
1447171536 154663
1447324416 154762
1447333505 154754
1447338682 154774
1447339711 154775
1447345006 154816
1447426148 154814
1447448019 154816
1447596072 155395
1447596128 155362
1447596163 155360
1447603688 155503
1447674430 155354
1447676969 154828
1447677576 154825
1447677883 154835
1447677948 154835
1447677987 154835
1448280715 154829
1448281269 154836
1448283981 154835
1448293595 154835
1448313921 154835
1448443689 156477
1448568253 155201
1448898506 155810
1448903757 155933
1448983199 155935
1448983338 155935
1449081456 155235
1449162364 155935
1449230889 155236
1449231247 155223
1449239516 155223
1449240358 155222
1449242382 155938
1449244387 155222
1449307904 155227
1449591300 155227
1449658691 155227
1449658751 155229
1450116068 155228
1450116282 155241
1450264394 155241
1450355056 155938
1452096523 155259
1452100468 155265
1452165573 155274
1452167226 155275
1452168131 155278
1452209404 158037
1452270115 155270
1452340642 155283
1452381458 155313
1452530927 155283
1452531044 155296
1452539480 155313
1452541695 155313
1452549210 155314
1452592808 155314
1452603444 155324
1452769143 155330
1452862628 155354
1453073817 155357
1453074161 155369
1453215957 155354
1453216026 155354
1453283491 155356
1453311262 155383
1453373601 155548
1453381244 155554
1453381982 155555
1453382429 155556
1453913185 155578
1453980662 155556
1453990782 155580
1453991487 155577
1454000683 155665
1454071892 155938
1454071937 155938
1454074192 155938
1454322276 155956
1454346083 155961
1454367893 156140
1454374707 156361
1454376570 156361
1454406855 156367
1454406921 156443
1454407080 155962
1454407708 156017
1454407736 156017
1454407989 156021
1454408373 156021
1454409943 155961
1454430855 156023
1454450655 156025
1454451868 156021
1454452055 156060
1454452161 156051
1454494938 156057
1454495735 156058
1454495761 156063
1454496106 156090
1454496134 156119
1454496892 156138
1454498908 156444
1454499378 156445
1454499396 156445
1454500596 156451
1454503646 156138
1454516917 156429
1454517822 156460
1454581127 156502
1454591266 156502
1454663898 156504
1454667228 156503
1454667668 156506
1454668353 156516
1454681237 156519
1454684012 156549
1454688787 156567
1454689562 156629
1454690217 156666
1454690814 156705
1454690967 156654
1454691637 156683
1454692700 156684
1454694229 156685
1454694265 156689
1454694310 156691
1454694717 156686
1454695879 156708
1454696211 156708
1454696285 156728
1454696618 156733
1454697178 156733
1454762303 156733
1454762457 156717
1454762490 156717
1454762954 156719
1454763007 156715
1454763067 156702
1454763176 156705
1454763203 156703
1454763795 156695
1454763949 156695
1454764507 156698
1454925252 156700
1454935598 156733
1455020275 156742
1455020840 156727
1455093554 156744
1455093591 156743
1455093650 156738
1455093697 156740
1455093887 156742
1455093933 156727
1455099422 157246
1455100049 157246
1455100555 157246
1455101567 156751
1455102682 157246
1455102790 156774
1455103805 156773
1455104773 156777
1455107997 156781
1455109366 157246
1455109741 157247
1455119247 157253
1455125100 157332
1455190702 157220
1455191063 157221
1455191843 157221
1455195166 157221
1455204161 157221
1455208224 157221
1455275176 157221
1455276257 157221
1455295363 157230
1455295456 157322
1455615165 157322
1455615281 157322
1455616189 157331
1455616828 157331
1455617596 157332
1455617770 157332
1455617962 157332
1455618040 157332
1455619248 157332
1455621116 157332
1455623581 157332
1456422930 157341
1456478526 157382
1456486867 157544
1456498336 157516
1456507842 157556
1456510760 157747
1456583761 158243
1456591880 157747
1456750825 157516
1456750884 157527
1456761316 157550
1456787160 157746
1456787188 157762
1456826465 157550
1456849576 157687
1456908746 158040
1456953343 175347
1457092239 158254
1457095827 158255
1457108084 158388
1457110249 158388
1457110695 158388
1457110803 158386
1457115459 178461
1457123038 178505
1457123166 178508
1457124575 178543
1457448376 158393
1457528474 158403
1457637868 158431
1457696374 158450
1457696932 158458
1457700356 158461
1457716135 158483
1457973116 158493
1458036518 158531
1458052684 158539
1458053492 158549
1458055305 158493
1458056034 158493
1458059344 158570
1458060423 158493
1458060959 158587
1458061103 158587
1458061542 158578
1458062266 158578
1458123269 158577
1458123408 158565
1458123631 158569
1458148539 158624
1458150518 158571
1458157482 158624
1458159266 158624
1458160866 173373
1458210273 158624
1458218528 158624
1458221791 158624
1458228190 158636
1458241640 158636
1458242979 158636
1458318564 158675
1458318850 158680
1458319280 158683
1458341202 158467
1458343222 158470
1458823488 158594
1459258357 158480
1459427730 158620
1459440277 158565
1460114495 158645
1460466895 158645
1460473093 158650
1460476773 158650
1460476778 158650
1460545216 158634
1460548059 158633
1460552282 158648
1460560678 158648
1460560694 158648
1460562717 162366
1460563044 162366
1460716228 162406
1460975450 162410
1460977220 162410
1461000988 162461
1461151152 162467
1461349416 162487
1461573945 162490
1461678523 162500
1461750433 164062
1461753073 164064
1461923403 165580
1462457335 165553
1462464861 164066
1462540847 165571
1462810637 165563
1462961613 164066
1462966346 164073
1462986484 178405
1463001248 165611
1463047334 165842
1463053132 165563
1463053920 165613
1463054190 165841
1463082399 165613
1463497150 165611
1463586857 165611
1463655905 165625
1463656746 165628
1463682706 165628
1463760618 165563
1464014794 165563
1464102125 165563
1464255164 165838
1464277349 165838
1464352464 165814
1464796965 165869
1464797207 165848
1464857182 165980
1464861977 165983
1464862095 165983
1464940617 165986
1465230220 165851
1465550027 165847
1465578320 165850
1465585848 165861
1465587871 165864
1465599464 165865
1465683771 173391
1465853142 165867
1465854111 165863
1465891914 165863
1465914225 173268
1465921405 173268
1465981872 173268
1465982148 173271
1465982157 173271
1465982165 173271
1466076180 173278
1466420842 173310
1466429366 173337
1466432325 173380
1466435654 173391
1466436605 173391
1466588126 173658
1466589059 173656
1466591552 173656
1467014831 173652
1467015097 173649
1467016809 173649
1467016832 173649
1467016886 173649
1467023929 173642
1467024026 173641
1467024155 173635
1467106288 173635
1467106328 173639
1467113948 173727
1467114541 173890
1467120138 173890
1467144539 173883
1467145711 173877
1467145738 173875
1467150803 173875
1467215491 173934
1467675760 174384
1467807850 174439
1467836633 174728
1467836637 174728
1468591109 175347
1468848103 175354
1468850210 175583
1468868344 175354
1468941206 175586
1469024061 175675
1469453234 175585
1469455751 175589
1470040712 175594
1470045048 175594
1470245206 175594
1471550220 175614
1471853602 175620
1471854058 175625
1472050530 175627
1472142069 176356
1472719883 176377
1472737068 176376
1472840859 175684
1472843900 175691
1472858627 175693
1472859667 175694
1472910895 175683
1472922433 175679
1472923676 175604
1472925912 175683
1472926006 175683
1472941725 175684
1472941759 175684
1473004318 175687
1473234748 175687
1473240906 175716
1473245119 176376
1473249017 175736
1473406797 178461
1473407615 175735
1473429832 175739
1473692105 175738
1473760976 175738
1473764237 176642
1473899450 178463
1473899471 178464
1473899504 178465
1474023804 176876
1474372862 176868
1474377362 176868
1474454306 178849
1474626934 177011
1474989849 177025
1476178331 177047
1476367237 179039
1476374789 179039
1476437179 177047
1477045070 177050
1477568627 177050
1477928768 177066
1477940192 177061
1477942547 177039
1477945271 177032
1477945506 177032
1478017522 177114
1478191300 177042
1478198525 177080
1478263877 179074
1478536424 179079
1478608763 177110
1478625491 177130
1478692603 177147
1478716341 177551
1478787252 177158
1478788230 177158
1478791563 177518
1478864238 177039
1478866063 179108
1479210284 177530
1479471428 177547
1479504154 177558
1479506759 177559
1479507038 177561
1479507374 177557
1479508288 177561
1479508489 177567
1479508846 177570
1479508911 178165
1479509822 178166
1479510066 178167
1479552187 178229
1479552989 178229
1479715410 178290
1479727752 178363
1479727774 178365
1479728486 178363
1479731250 178394
1479737922 178477
1479739225 178488
1479768233 178489
1479801513 178549
1479801682 178555
1479830229 178491
1479831555 178491
1479831965 178461
1479833693 178461
1479914863 178576
1479917509 178480
1479917589 178576
1479917656 178577
1479918816 178649
1479919733 178758
1479940715 178759
1480001425 178759
1480007231 178759
1480077765 178762
1480079539 178774
1480090689 179108
1480094243 179108
1480523901 178772
1480670968 178787
1480672896 179250
1480728923 179250
1480898635 179250
1480900472 179282
1480975468 179504
1480975672 179286
1480985037 179575
1481037169 179269
1481041924 179273
1481042236 179584
1481043598 179543
1481049008 179510
1481052776 179285
1481052881 179291
1481053626 179288
1481053663 179479
1481056431 179508
1481062357 179500
1481100251 179510
1481100724 179510
1481100980 179500
1481101115 179500
1481101262 179500
1481103827 179555
1481143755 179566
1481146746 179502
1481149173 179578
1481150316 179510
1481152651 179511
1481182209 179580
1481186563 179511
1481415080 179569
1481416129 179558
1481419555 179560
1481419582 179572
1481419633 179572
1481419703 179572
1481419748 179574
1481419764 179574
1481419783 179572
1481491630 179572
1481492100 179569
1481542806 179573
1481546900 179569
1481712963 179572
1481727400 179578
1481738909 179644
1481739089 179645
1481741529 179645
1481794588 179647
1481795010 179647
1481814477 179647
