1422964705 18433
1422964833 18468
1441728133 551
1447165958 2971
1447596072 136
1447596128 103
1447596163 101
1447603688 244
1447674430 95
1448443689 1218
1448898506 551
1448903757 674
1448983199 676
1448983338 676
1449162364 676
1449242382 679
1450355056 679
1452100468 6
1452165573 15
1452167226 16
1452168131 19
1452209404 2778
1452270115 11
1452340642 24
1452381458 54
1452530927 24
1452531044 37
1452539480 54
1452541695 54
1452549210 55
1452592808 55
1452603444 65
1452769143 71
1452862628 95
1453073817 98
1453074161 110
1453215957 95
1453216026 95
1453283491 97
1453311262 124
1453373601 289
1453381244 295
1453381982 296
1453382429 297
1453913185 319
1453980662 297
1453990782 321
1453991487 318
1454000683 406
1454071892 679
1454071937 679
1454074192 679
1454322276 697
1454346083 702
1454367893 881
1454374707 1102
1454376570 1102
1454406855 1108
1454406921 1184
1454407080 703
1454407708 758
1454407736 758
1454407989 762
1454408373 762
1454409943 702
1454430855 764
1454450655 766
1454451868 762
1454452055 801
1454452161 792
1454494938 798
1454495735 799
1454495761 804
1454496106 831
1454496134 860
1454496892 879
1454498908 1185
1454499378 1186
1454499396 1186
1454500596 1192
1454503646 879
1454516917 1170
1454517822 1201
1454581127 1243
1454591266 1243
1454663898 1245
1454667228 1244
1454667668 1247
1454668353 1257
1454681237 1260
1454684012 1290
1454688787 1308
1454689562 1370
1454690217 1407
1454690814 1446
1454690967 1395
1454691637 1424
1454692700 1425
1454694229 1426
1454694265 1430
1454694310 1432
1454694717 1427
1454695879 1449
1454696211 1449
1454696285 1469
1454696618 1474
1454697178 1474
1454762303 1474
1454762457 1458
1454762490 1458
1454762954 1460
1454763007 1456
1454763067 1443
1454763176 1446
1454763203 1444
1454763795 1436
1454763949 1436
1454764507 1439
1454925252 1441
1454935598 1474
1455020275 1483
1455020840 1468
1455093554 1485
1455093591 1484
1455093650 1479
1455093697 1481
1455093887 1483
1455093933 1468
1455099422 1987
1455100049 1987
1455100555 1987
1455101567 1492
1455102682 1987
1455102790 1515
1455103805 1514
1455104773 1518
1455107997 1522
1455109366 1987
1455109741 1988
1455119247 1994
1455125100 2073
1455190702 1961
1455191063 1962
1455191843 1962
1455195166 1962
1455204161 1962
1455208224 1962
1455275176 1962
1455276257 1962
1455295363 1971
1455295456 2063
1455615165 2063
1455615281 2063
1455616189 2072
1455616828 2072
1455617596 2073
1455617770 2073
1455617962 2073
1455618040 2073
1455619248 2073
1455621116 2073
1455623581 2073
1456422930 2082
1456478526 2123
1456486867 2285
1456498336 2257
1456507842 2297
1456510760 2488
1456583761 2984
1456591880 2488
1456750825 2257
1456750884 2268
1456761316 2291
1456787160 2487
1456787188 2503
1456826465 2291
1456849576 2428
1456908746 2781
1456953343 20088
1457092239 2995
1457095827 2996
1457108084 3129
1457110249 3129
1457110695 3129
1457110803 3127
1457115459 23202
1457123038 23246
1457123166 23249
1457124575 23284
1457448376 3134
1457528474 3144
1457637868 3172
1457696374 3191
1457696932 3199
1457700356 3202
1457716135 3224
1457973116 3234
1458036518 3272
1458052684 3280
1458053492 3290
1458055305 3234
1458056034 3234
1458059344 3311
1458060423 3234
1458060959 3328
1458061103 3328
1458061542 3319
1458062266 3319
1458123269 3318
1458123408 3306
1458123631 3310
1458148539 3365
1458150518 3312
1458157482 3365
1458159266 3365
1458160866 18114
1458210273 3365
1458218528 3365
1458221791 3365
1458228190 3377
1458241640 3377
1458242979 3377
1458318564 3416
1458318850 3421
1458319280 3424
1458341202 3208
1458343222 3211
1458823488 3335
1459258357 3221
1459427730 3361
1459440277 3306
1460114495 3386
1460466895 3386
1460473093 3391
1460476773 3391
1460476778 3391
1460545216 3375
1460548059 3374
1460552282 3389
1460560678 3389
1460560694 3389
1460562717 7107
1460563044 7107
1460716228 7147
1460975450 7151
1460977220 7151
1461000988 7202
1461151152 7208
1461349416 7228
1461573945 7231
1461678523 7241
1461750433 8803
1461753073 8805
1461923403 10321
1462457335 10294
1462464861 8807
1462540847 10312
1462810637 10304
1462961613 8807
1462966346 8814
1462986484 23146
1463001248 10352
1463047334 10583
1463053132 10304
1463053920 10354
1463054190 10582
1463082399 10354
1463497150 10352
1463586857 10352
1463655905 10366
1463656746 10369
1463682706 10369
1463760618 10304
1464014794 10304
1464102125 10304
1464255164 10579
1464277349 10579
1464352464 10555
1464796965 10610
1464797207 10589
1464857182 10721
1464861977 10724
1464862095 10724
1464940617 10727
1465230220 10592
1465550027 10588
1465578320 10591
1465585848 10602
1465587871 10605
1465599464 10606
1465683771 18132
1465853142 10608
1465854111 10604
1465891914 10604
1465914225 18009
1465921405 18009
1465981872 18009
1465982148 18012
1465982157 18012
1465982165 18012
1466076180 18019
1466420842 18051
1466429366 18078
1466432325 18121
1466435654 18132
1466436605 18132
1466588126 18399
1466589059 18397
1466591552 18397
1467014831 18393
1467015097 18390
1467016809 18390
1467016832 18390
1467016886 18390
1467023929 18383
1467024026 18382
1467024155 18376
1467106288 18376
1467106328 18380
1467113948 18468
1467114541 18631
1467120138 18631
1467144539 18624
1467145711 18618
1467145738 18616
1467150803 18616
1467215491 18675
1467675760 19125
1467807850 19180
1467836633 19469
1467836637 19469
1468591109 20088
1468848103 20095
1468850210 20324
1468868344 20095
1468941206 20327
1469024061 20416
1469453234 20326
1469455751 20330
1470040712 20335
1470045048 20335
1470245206 20335
1471550220 20355
1471853602 20361
1471854058 20366
1472050530 20368
1472142069 21097
1472719883 21118
1472737068 21117
1472840859 20425
1472843900 20432
1472858627 20434
1472859667 20435
1472910895 20424
1472922433 20420
1472923676 20345
1472925912 20424
1472926006 20424
1472941725 20425
1472941759 20425
1473004318 20428
1473234748 20428
1473240906 20457
1473245119 21117
1473249017 20477
1473406797 23202
1473407615 20476
1473429832 20480
1473692105 20479
1473760976 20479
1473764237 21383
1473899450 23204
1473899471 23205
1473899504 23206
1474023804 21617
1474372862 21609
1474377362 21609
1474454306 23590
1474626934 21752
1474989849 21766
1476178331 21788
1476367237 23780
1476374789 23780
1476437179 21788
1477045070 21791
1477568627 21791
1477928768 21807
1477940192 21802
1477942547 21780
1477945271 21773
1477945506 21773
1478017522 21855
1478191300 21783
1478198525 21821
1478263877 23815
1478536424 23820
1478608763 21851
1478625491 21871
1478692603 21888
1478716341 22292
1478787252 21899
1478788230 21899
1478791563 22259
1478864238 21780
1478866063 23849
1479210284 22271
1479471428 22288
1479504154 22299
1479506759 22300
1479507038 22302
1479507374 22298
1479508288 22302
1479508489 22308
1479508846 22311
1479508911 22906
1479509822 22907
1479510066 22908
1479552187 22970
1479552989 22970
1479715410 23031
1479727752 23104
1479727774 23106
1479728486 23104
1479731250 23135
1479737922 23218
1479739225 23229
1479768233 23230
1479801513 23290
1479801682 23296
1479830229 23232
1479831555 23232
1479831965 23202
1479833693 23202
1479914863 23317
1479917509 23221
1479917589 23317
1479917656 23318
1479918816 23390
1479919733 23499
1479940715 23500
1480001425 23500
1480007231 23500
1480077765 23503
1480079539 23515
1480090689 23849
1480094243 23849
1480523901 23513
1480670968 23528
1480672896 23991
1480728923 23991
1480898635 23991
1480900472 24023
1480975468 24245
1480975672 24027
1480985037 24316
1481037169 24010
1481041924 24014
1481042236 24325
1481043598 24284
1481049008 24251
1481052776 24026
1481052881 24032
1481053626 24029
1481053663 24220
1481056431 24249
1481062357 24241
1481100251 24251
1481100724 24251
1481100980 24241
1481101115 24241
1481101262 24241
1481103827 24296
1481143755 24307
1481146746 24243
1481149173 24319
1481150316 24251
1481152651 24252
1481182209 24321
1481186563 24252
1481415080 24310
1481416129 24299
1481419555 24301
1481419582 24313
1481419633 24313
1481419703 24313
1481419748 24315
1481419764 24315
1481419783 24313
1481491630 24313
1481492100 24310
1481542806 24314
1481546900 24310
1481712963 24313
1481727400 24319
1481738909 24385
1481739089 24386
1481741529 24386
1481794588 24388
1481795010 24388
1481814477 24388
